1 1.0428e+10 1.0435e+10
2 1.0428e+10 1.0435e+10
0 1.0428e+10 1.0435e+10
0 1.0428e+10 1.0435e+10
0 1.0428e+10 1.0435e+10
0 1.0428e+10 1.0435e+10
0 1.0428e+10 1.0435e+10
0 1.0428e+10 1.0435e+10
0 1.0428e+10 1.0435e+10
0 1.0428e+10 1.0435e+10
0 1.0428e+10 1.0435e+10
0 1.0428e+10 1.0435e+10
0 1.0428e+10 1.0435e+10
0 1.0428e+10 1.0435e+10
0 1.0428e+10 1.0435e+10
0 1.0428e+10 1.0435e+10
0 1.0428e+10 1.0435e+10
0 1.0428e+10 1.0435e+10
0 1.0428e+10 1.0435e+10
0 1.0428e+10 1.0435e+10
0 1.0428e+10 1.0435e+10
0 1.0428e+10 1.0435e+10
0 1.0428e+10 1.0435e+10
0 1.0428e+10 1.0435e+10
0 1.0428e+10 1.0435e+10
0 1.0428e+10 1.0435e+10
0 1.0428e+10 1.0435e+10
0 1.0428e+10 1.0435e+10
0 1.0428e+10 1.0435e+10
0 1.0428e+10 1.0435e+10
0 1.0428e+10 1.0435e+10
0 1.0428e+10 1.0435e+10
0 1.0428e+10 1.0435e+10
0 1.0428e+10 1.0435e+10
0 1.0428e+10 1.0435e+10
0 1.0428e+10 1.0435e+10
0 1.0428e+10 1.0435e+10
0 1.0428e+10 1.0435e+10
0 1.0428e+10 1.0435e+10
0 1.0428e+10 1.0435e+10
0 1.0428e+10 1.0435e+10
0 1.0428e+10 1.0435e+10
0 1.0428e+10 1.0435e+10
0 1.0428e+10 1.0435e+10
0 1.0428e+10 1.0435e+10
0 1.0428e+10 1.0435e+10
0 1.0428e+10 1.0435e+10
0 1.0428e+10 1.0435e+10
0 1.0428e+10 1.0435e+10
0 1.0428e+10 1.0435e+10
0 1.0428e+10 1.0435e+10
0 1.0428e+10 1.0435e+10
0 1.0428e+10 1.0435e+10
0 1.0428e+10 1.0435e+10
0 1.0428e+10 1.0435e+10
0 1.0428e+10 1.0435e+10
0 1.0428e+10 1.0435e+10
0 1.0428e+10 1.0435e+10
0 1.0428e+10 1.0435e+10
0 1.0428e+10 1.0435e+10
0 1.0428e+10 1.0435e+10
0 1.0428e+10 1.0435e+10
0 1.0428e+10 1.0435e+10
0 1.0428e+10 1.0435e+10
0 1.0428e+10 1.0435e+10
0 1.0428e+10 1.0435e+10
0 1.0428e+10 1.0435e+10
0 1.0428e+10 1.0435e+10
0 1.0428e+10 1.0435e+10
0 1.0428e+10 1.0435e+10
0 1.0428e+10 1.0435e+10
0 1.0428e+10 1.0435e+10
0 1.0428e+10 1.0435e+10
0 1.0428e+10 1.0435e+10
0 1.0428e+10 1.0435e+10
0 1.0428e+10 1.0435e+10
0 1.0428e+10 1.0435e+10
0 1.0428e+10 1.0435e+10
0 1.0428e+10 1.0435e+10
0 1.0428e+10 1.0435e+10
0 1.0428e+10 1.0435e+10
0 1.0428e+10 1.0435e+10
0 1.0428e+10 1.0435e+10
0 1.0428e+10 1.0435e+10
0 1.0428e+10 1.0435e+10
0 1.0428e+10 1.0435e+10
0 1.0428e+10 1.0435e+10
0 1.0428e+10 1.0435e+10
0 1.0428e+10 1.0435e+10
0 1.0428e+10 1.0435e+10
0 1.0428e+10 1.0435e+10
0 1.0428e+10 1.0435e+10
0 1.0428e+10 1.0435e+10
0 1.0428e+10 1.0436e+10
0 1.0428e+10 1.0436e+10
0 1.0428e+10 1.0436e+10
0 1.0428e+10 1.0436e+10
0 1.0428e+10 1.0436e+10
0 1.0428e+10 1.0436e+10
0 1.0428e+10 1.0436e+10
0 1.0428e+10 1.0436e+10
0 0 1.0436e+10
0 0 1.0436e+10
0 0 1.0436e+10
0 0 1.0436e+10
0 0 1.0436e+10
0 0 1.0436e+10
0 0 1.0436e+10
0 0 1.0436e+10
0 0 1.0436e+10
0 0 1.0436e+10
0 0 0
0 1.0428e+10 1.0436e+10
